,TIMESTAMP,STARTING_LATITUDE,STARTING_LONGITUDE,DESTINATION_LATITUDE,DESTINATION_LONGITUDE,VEHICLE_TYPE,TRAFFIC_STUCK_TIME,DISTANCE,FARE
TIMESTAMP,1.0,0.010314365662527662,0.0008922780036757712,0.012327198155021465,0.001318649528026834,-0.0012842195057393884,-0.007497997240352629,-0.013290904391394756,-0.005543339723149731
STARTING_LATITUDE,0.010314365662527662,1.0,0.1808130374955569,0.9830589002565571,0.177634397933313,-0.02858762853398984,-0.034386272323947434,-0.06479173327544814,0.14387302390216877
STARTING_LONGITUDE,0.0008922780036757712,0.1808130374955569,1.0,0.17763880016815178,0.9823396522750303,-0.005434748768075388,-0.00689821280604231,-0.01683355908919673,-0.038673068102999496
DESTINATION_LATITUDE,0.012327198155021465,0.9830589002565571,0.17763880016815178,1.0,0.18039108878446378,-0.029408607003066616,-0.03306476482925942,-0.06478316992650522,0.14636564593414442
DESTINATION_LONGITUDE,0.001318649528026834,0.177634397933313,0.9823396522750303,0.18039108878446378,1.0,-0.006674360314049941,-0.006406934492042846,-0.016388895389907416,-0.03590112703669685
VEHICLE_TYPE,-0.0012842195057393884,-0.02858762853398984,-0.005434748768075388,-0.029408607003066616,-0.006674360314049941,1.0,0.011407834676731697,0.0042346624759800385,-0.18521996577542263
TRAFFIC_STUCK_TIME,-0.007497997240352629,-0.034386272323947434,-0.00689821280604231,-0.03306476482925942,-0.006406934492042846,0.011407834676731697,1.0,0.4651194989990746,0.09194505672237364
DISTANCE,-0.013290904391394756,-0.06479173327544814,-0.01683355908919673,-0.06478316992650522,-0.016388895389907416,0.0042346624759800385,0.4651194989990746,1.0,0.1686641520717829
FARE,-0.005543339723149731,0.14387302390216877,-0.038673068102999496,0.14636564593414442,-0.03590112703669685,-0.18521996577542263,0.09194505672237364,0.1686641520717829,1.0
